NACA 4424                                       
 Alfa =  10.00000 Re =  1500000.000 Xflap,Yflap =     0.000000    0.000000
#    x        y        Cp  
   1.00000  0.00252  0.11572
   0.99144  0.00604  0.11261
   0.97747  0.01170  0.10767
   0.96212  0.01780  0.10221
   0.94545  0.02427  0.09623
   0.92759  0.03105  0.08979
   0.90870  0.03802  0.08303
   0.88900  0.04511  0.07637
   0.86865  0.05222  0.07164
   0.84784  0.05927  0.06845
   0.82668  0.06623  0.03633
   0.80527  0.07304 -0.01712
   0.78371  0.07968 -0.08579
   0.76203  0.08612 -0.16250
   0.74029  0.09235 -0.24173
   0.71853  0.09835 -0.32017
   0.69677  0.10412 -0.39664
   0.67504  0.10964 -0.47137
   0.65337  0.11491 -0.54434
   0.63178  0.11991 -0.61633
   0.61029  0.12465 -0.68767
   0.58893  0.12910 -0.75880
   0.56772  0.13327 -0.83000
   0.54669  0.13714 -0.90176
   0.52586  0.14071 -0.97389
   0.50528  0.14398 -1.04740
   0.48496  0.14693 -1.12129
   0.46496  0.14956 -1.19689
   0.44532  0.15186 -1.27404
   0.42610  0.15384 -1.35310
   0.40736  0.15549 -1.43694
   0.38916  0.15680 -1.52962
   0.37147  0.15772 -1.60571
   0.35422  0.15827 -1.67301
   0.33738  0.15845 -1.73869
   0.32091  0.15828 -1.85905
   0.30481  0.15776 -2.01139
   0.28909  0.15691 -2.04617
   0.27374  0.15573 -2.08563
   0.25879  0.15424 -2.12907
   0.24423  0.15245 -2.17496
   0.23009  0.15037 -2.22095
   0.21638  0.14802 -2.26547
   0.20312  0.14541 -2.30701
   0.19033  0.14257 -2.34543
   0.17801  0.13952 -2.37985
   0.16620  0.13627 -2.41008
   0.15489  0.13285 -2.43716
   0.14409  0.12929 -2.45951
   0.13381  0.12561 -2.47828
   0.12405  0.12182 -2.49286
   0.11481  0.11796 -2.50399
   0.10607  0.11404 -2.51143
   0.09783  0.11009 -2.51511
   0.09007  0.10611 -2.51542
   0.08277  0.10212 -2.51311
   0.07592  0.09814 -2.50582
   0.06949  0.09418 -2.49693
   0.06347  0.09023 -2.48325
   0.05783  0.08632 -2.46612
   0.05256  0.08243 -2.44718
   0.04763  0.07859 -2.42235
   0.04302  0.07478 -2.39451
   0.03872  0.07101 -2.36291
   0.03471  0.06728 -2.32623
   0.03098  0.06359 -2.28590
   0.02751  0.05994 -2.23800
   0.02429  0.05632 -2.18704
   0.02130  0.05274 -2.12866
   0.01855  0.04919 -2.06352
   0.01600  0.04568 -1.99185
   0.01367  0.04220 -1.91243
   0.01154  0.03876 -1.82409
   0.00961  0.03534 -1.73108
   0.00787  0.03195 -1.62536
   0.00632  0.02860 -1.51338
   0.00494  0.02527 -1.39192
   0.00375  0.02198 -1.26439
   0.00272  0.01872 -1.12876
   0.00187  0.01550 -0.98484
   0.00118  0.01231 -0.84019
   0.00066  0.00917 -0.68943
   0.00029  0.00607 -0.53802
   0.00007  0.00302 -0.38812
   0.00000  0.00003 -0.24148
   0.00007 -0.00295 -0.10163
   0.00029 -0.00595  0.03967
   0.00067 -0.00896  0.17822
   0.00121 -0.01198  0.31076
   0.00194 -0.01500  0.43777
   0.00285 -0.01800  0.55793
   0.00394 -0.02099  0.66565
   0.00524 -0.02394  0.75812
   0.00673 -0.02686  0.83811
   0.00843 -0.02973  0.90072
   0.01032 -0.03255  0.94747
   0.01242 -0.03532  0.97883
   0.01472 -0.03802  0.99582
   0.01722 -0.04066  0.99985
   0.01993 -0.04323  0.99294
   0.02284 -0.04574  0.97642
   0.02595 -0.04817  0.95290
   0.02928 -0.05055  0.92344
   0.03283 -0.05285  0.88936
   0.03660 -0.05509  0.85255
   0.04061 -0.05727  0.81355
   0.04486 -0.05939  0.77298
   0.04938 -0.06145  0.73223
   0.05417 -0.06345  0.69134
   0.05927 -0.06539  0.65099
   0.06468 -0.06727  0.61186
   0.07045 -0.06909  0.57321
   0.07659 -0.07084  0.53548
   0.08315 -0.07253  0.50037
   0.09016 -0.07416  0.46547
   0.09767 -0.07571  0.43327
   0.10573 -0.07718  0.40165
   0.11439 -0.07857  0.37247
   0.12372 -0.07985  0.34520
   0.13379 -0.08103  0.31917
   0.14466 -0.08209  0.29589
   0.15640 -0.08300  0.27365
   0.16909 -0.08375  0.25421
   0.18280 -0.08433  0.23649
   0.19758 -0.08471  0.22063
   0.21349 -0.08487  0.20705
   0.23056 -0.08480  0.19550
   0.24878 -0.08448  0.18558
   0.26816 -0.08391  0.17722
   0.28864 -0.08308  0.17059
   0.31017 -0.08200  0.16481
   0.33264 -0.08070  0.15966
   0.35591 -0.07920  0.15457
   0.37978 -0.07754  0.14878
   0.40397 -0.07576  0.13837
   0.42824 -0.07381  0.12988
   0.45268 -0.07165  0.12562
   0.47737 -0.06929  0.12315
   0.50236 -0.06675  0.12215
   0.52766 -0.06404  0.12194
   0.55326 -0.06118  0.12243
   0.57916 -0.05818  0.12317
   0.60533 -0.05507  0.12411
   0.63173 -0.05186  0.12523
   0.65834 -0.04855  0.12623
   0.68510 -0.04518  0.12718
   0.71197 -0.04174  0.12797
   0.73888 -0.03826  0.12855
   0.76575 -0.03476  0.12900
   0.79249 -0.03123  0.12929
   0.81896 -0.02772  0.12940
   0.84497 -0.02423  0.12954
   0.87027 -0.02080  0.12963
   0.89456 -0.01748  0.12993
   0.91749 -0.01431  0.13034
   0.93874 -0.01133  0.13136
   0.95808 -0.00859  0.13266
   0.97541 -0.00611  0.13417
   0.99077 -0.00387  0.13945
   1.00000 -0.00252  0.11572
