NACA 4412                                       
 Alfa =  10.00000 Re =  1500000.000 Xflap,Yflap =     0.000000    0.000000
#    x        y        Cp  
   1.00000  0.00126  0.08529
   0.99392  0.00292  0.08571
   0.98333  0.00577  0.08611
   0.97098  0.00904  0.07939
   0.95718  0.01262  0.06788
   0.94237  0.01638  0.05124
   0.92696  0.02021  0.02955
   0.91123  0.02403  0.00334
   0.89533  0.02780 -0.02668
   0.87933  0.03149 -0.05970
   0.86327  0.03511 -0.09481
   0.84718  0.03864 -0.13136
   0.83106  0.04208 -0.16861
   0.81492  0.04544 -0.20619
   0.79875  0.04870 -0.24359
   0.78258  0.05188 -0.28078
   0.76638  0.05496 -0.31770
   0.75017  0.05796 -0.35400
   0.73395  0.06086 -0.38991
   0.71772  0.06368 -0.42539
   0.70148  0.06640 -0.46055
   0.68523  0.06902 -0.49559
   0.66898  0.07155 -0.53025
   0.65272  0.07398 -0.56485
   0.63645  0.07632 -0.59948
   0.62019  0.07855 -0.63440
   0.60392  0.08069 -0.66915
   0.58766  0.08272 -0.70443
   0.57140  0.08465 -0.73976
   0.55514  0.08647 -0.77590
   0.53889  0.08818 -0.81232
   0.52265  0.08978 -0.84952
   0.50642  0.09127 -0.88772
   0.49021  0.09264 -0.92654
   0.47402  0.09390 -0.96681
   0.45785  0.09503 -1.00856
   0.44172  0.09603 -1.05219
   0.42564  0.09690 -1.09844
   0.40965  0.09765 -1.14804
   0.39382  0.09824 -1.20599
   0.37817  0.09865 -1.25850
   0.36263  0.09885 -1.30773
   0.34716  0.09884 -1.35508
   0.33174  0.09863 -1.40093
   0.31639  0.09821 -1.44608
   0.30109  0.09757 -1.49055
   0.28586  0.09672 -1.53453
   0.27069  0.09564 -1.57813
   0.25561  0.09433 -1.62157
   0.24061  0.09280 -1.66564
   0.22571  0.09103 -1.70879
   0.21092  0.08902 -1.75345
   0.19626  0.08678 -1.79846
   0.18175  0.08429 -1.84447
   0.16741  0.08155 -1.89211
   0.15327  0.07856 -1.94178
   0.13937  0.07533 -1.99419
   0.12576  0.07185 -2.04979
   0.11254  0.06815 -2.10943
   0.09978  0.06426 -2.17387
   0.08762  0.06020 -2.24324
   0.07622  0.05606 -2.31702
   0.06572  0.05190 -2.39253
   0.05625  0.04782 -2.47185
   0.04786  0.04389 -2.57099
   0.04055  0.04017 -2.85177
   0.03423  0.03668 -2.95377
   0.02879  0.03343 -3.06159
   0.02411  0.03040 -3.17582
   0.02008  0.02756 -3.29746
   0.01660  0.02489 -3.42731
   0.01357  0.02236 -3.56244
   0.01095  0.01995 -3.70175
   0.00867  0.01764 -3.83972
   0.00671  0.01541 -3.97120
   0.00502  0.01324 -4.08653
   0.00360  0.01113 -4.17695
   0.00242  0.00906 -4.22101
   0.00148  0.00703 -4.20093
   0.00077  0.00504 -4.09139
   0.00029  0.00309 -3.87284
   0.00004  0.00120 -3.54708
   0.00001 -0.00064 -3.12285
   0.00020 -0.00249 -2.60556
   0.00065 -0.00436 -1.99144
   0.00137 -0.00623 -1.33646
   0.00239 -0.00805 -0.70980
   0.00369 -0.00980 -0.17673
   0.00527 -0.01148  0.23795
   0.00712 -0.01307  0.53780
   0.00925 -0.01459  0.74152
   0.01167 -0.01603  0.87247
   0.01438 -0.01741  0.94950
   0.01744 -0.01873  0.98820
   0.02087 -0.02000  0.99997
   0.02476 -0.02123  0.99258
   0.02916 -0.02242  0.97186
   0.03419 -0.02357  0.94182
   0.03998 -0.02467  0.90488
   0.04667 -0.02572  0.86385
   0.05445 -0.02670  0.82028
   0.06345 -0.02758  0.77584
   0.07377 -0.02833  0.73199
   0.08543 -0.02891  0.69045
   0.09832 -0.02929  0.65236
   0.11223 -0.02947  0.61823
   0.12696 -0.02945  0.58852
   0.14228 -0.02924  0.56279
   0.15806 -0.02887  0.54053
   0.17418 -0.02837  0.52142
   0.19056 -0.02776  0.50484
   0.20714 -0.02707  0.49030
   0.22389 -0.02630  0.47768
   0.24078 -0.02549  0.46625
   0.25777 -0.02465  0.45608
   0.27484 -0.02379  0.44686
   0.29194 -0.02292  0.43810
   0.30901 -0.02207  0.43000
   0.32603 -0.02124  0.42224
   0.34301 -0.02043  0.41451
   0.35994 -0.01967  0.40668
   0.37686 -0.01894  0.39848
   0.39378 -0.01827  0.38905
   0.41076 -0.01762  0.37751
   0.42781 -0.01697  0.36839
   0.44491 -0.01629  0.36032
   0.46204 -0.01560  0.35336
   0.47921 -0.01490  0.34677
   0.49639 -0.01420  0.34057
   0.51357 -0.01350  0.33504
   0.53074 -0.01280  0.32956
   0.54790 -0.01211  0.32422
   0.56503 -0.01143  0.31906
   0.58215 -0.01076  0.31422
   0.59926 -0.01011  0.30914
   0.61635 -0.00947  0.30446
   0.63342 -0.00885  0.29937
   0.65049 -0.00825  0.29453
   0.66755 -0.00768  0.28953
   0.68459 -0.00712  0.28438
   0.70164 -0.00659  0.27938
   0.71867 -0.00608  0.27390
   0.73570 -0.00560  0.26856
   0.75273 -0.00514  0.26281
   0.76976 -0.00471  0.25718
   0.78678 -0.00431  0.25100
   0.80381 -0.00393  0.24494
   0.82084 -0.00357  0.23821
   0.83786 -0.00324  0.23143
   0.85489 -0.00294  0.22393
   0.87190 -0.00266  0.21623
   0.88889 -0.00241  0.20822
   0.90581 -0.00218  0.19911
   0.92258 -0.00197  0.18952
   0.93902 -0.00179  0.17902
   0.95483 -0.00163  0.16732
   0.96953 -0.00150  0.15511
   0.98258 -0.00139  0.14037
   0.99368 -0.00131  0.12681
   1.00000 -0.00126  0.08529
