NACA 2324                                       
 Alfa =  10.00000 Re =  1500000.000 Xflap,Yflap =     0.000000    0.000000
#    x        y        Cp  
   1.00000  0.00252  0.16697
   0.99116  0.00549  0.16422
   0.97666  0.01029  0.15994
   0.96064  0.01549  0.15532
   0.94313  0.02106  0.15053
   0.92427  0.02692  0.14625
   0.90425  0.03299  0.14518
   0.88330  0.03919  0.13621
   0.86163  0.04543  0.10720
   0.83944  0.05164  0.06354
   0.81689  0.05778  0.00875
   0.79408  0.06381 -0.05284
   0.77111  0.06969 -0.11737
   0.74804  0.07542 -0.18235
   0.72492  0.08097 -0.24658
   0.70181  0.08634 -0.30979
   0.67873  0.09150 -0.37207
   0.65571  0.09645 -0.43384
   0.63278  0.10119 -0.49523
   0.60998  0.10569 -0.55692
   0.58732  0.10995 -0.61885
   0.56484  0.11397 -0.68167
   0.54256  0.11773 -0.74531
   0.52050  0.12122 -0.81000
   0.49869  0.12443 -0.87606
   0.47717  0.12736 -0.94337
   0.45596  0.13000 -1.01226
   0.43510  0.13234 -1.08282
   0.41461  0.13437 -1.15446
   0.39454  0.13609 -1.22825
   0.37494  0.13750 -1.30314
   0.35584  0.13859 -1.37961
   0.33730  0.13938 -1.45788
   0.31938  0.13985 -1.53697
   0.30214  0.14003 -1.62417
   0.28560  0.13990 -1.71135
   0.26971  0.13940 -1.79257
   0.25440  0.13857 -2.01777
   0.23964  0.13743 -2.06001
   0.22541  0.13599 -2.10242
   0.21170  0.13427 -2.14897
   0.19851  0.13229 -2.19853
   0.18585  0.13007 -2.24861
   0.17372  0.12763 -2.29687
   0.16213  0.12500 -2.34304
   0.15108  0.12219 -2.38493
   0.14056  0.11924 -2.42372
   0.13057  0.11615 -2.45842
   0.12111  0.11296 -2.48898
   0.11216  0.10967 -2.51584
   0.10371  0.10632 -2.53884
   0.09574  0.10291 -2.55773
   0.08824  0.09947 -2.57347
   0.08118  0.09599 -2.58409
   0.07455  0.09250 -2.59285
   0.06832  0.08900 -2.59497
   0.06247  0.08550 -2.59491
   0.05699  0.08200 -2.59065
   0.05185  0.07851 -2.58016
   0.04703  0.07503 -2.56702
   0.04252  0.07157 -2.54777
   0.03830  0.06812 -2.52487
   0.03436  0.06468 -2.49439
   0.03068  0.06126 -2.45907
   0.02725  0.05786 -2.41611
   0.02406  0.05447 -2.36648
   0.02110  0.05109 -2.30870
   0.01836  0.04773 -2.24481
   0.01583  0.04438 -2.16724
   0.01351  0.04105 -2.08459
   0.01139  0.03773 -1.98967
   0.00946  0.03443 -1.88583
   0.00773  0.03114 -1.76942
   0.00618  0.02787 -1.64820
   0.00481  0.02462 -1.51318
   0.00363  0.02138 -1.36868
   0.00262  0.01817 -1.21777
   0.00178  0.01499 -1.06062
   0.00111  0.01184 -0.90107
   0.00060  0.00872 -0.73531
   0.00025  0.00565 -0.57259
   0.00005  0.00261 -0.41279
   0.00000 -0.00037 -0.25804
   0.00009 -0.00336 -0.10998
   0.00033 -0.00637  0.03718
   0.00073 -0.00940  0.17766
   0.00129 -0.01245  0.31616
   0.00204 -0.01550  0.44307
   0.00296 -0.01854  0.56130
   0.00407 -0.02158  0.66895
   0.00538 -0.02459  0.76036
   0.00688 -0.02758  0.83739
   0.00858 -0.03054  0.89935
   0.01047 -0.03346  0.94517
   0.01257 -0.03634  0.97649
   0.01487 -0.03918  0.99445
   0.01738 -0.04197  1.00000
   0.02009 -0.04471  0.99502
   0.02302 -0.04740  0.98087
   0.02615 -0.05004  0.95936
   0.02951 -0.05264  0.93201
   0.03309 -0.05519  0.89960
   0.03692 -0.05770  0.86437
   0.04099 -0.06016  0.82547
   0.04532 -0.06257  0.78600
   0.04993 -0.06495  0.74458
   0.05484 -0.06728  0.70294
   0.06007 -0.06958  0.66146
   0.06564 -0.07184  0.61973
   0.07158 -0.07405  0.57886
   0.07793 -0.07623  0.53896
   0.08472 -0.07836  0.49976
   0.09199 -0.08045  0.46181
   0.09979 -0.08249  0.42508
   0.10816 -0.08448  0.38972
   0.11717 -0.08640  0.35619
   0.12687 -0.08825  0.32366
   0.13732 -0.09003  0.29317
   0.14858 -0.09171  0.26393
   0.16072 -0.09328  0.23698
   0.17379 -0.09473  0.21146
   0.18784 -0.09603  0.18781
   0.20289 -0.09717  0.16598
   0.21895 -0.09814  0.14558
   0.23602 -0.09892  0.12695
   0.25402 -0.09949  0.10906
   0.27285 -0.09986  0.09145
   0.29234 -0.10002  0.07281
   0.31226 -0.09997  0.04952
   0.33253 -0.09962  0.03404
   0.35317 -0.09895  0.02251
   0.37421 -0.09800  0.01421
   0.39565 -0.09675  0.00841
   0.41749 -0.09523  0.00435
   0.43973 -0.09344  0.00206
   0.46234 -0.09139  0.00093
   0.48531 -0.08909  0.00108
   0.50862 -0.08655  0.00219
   0.53224 -0.08379  0.00409
   0.55615 -0.08082  0.00658
   0.58032 -0.07764  0.00981
   0.60472 -0.07428  0.01335
   0.62932 -0.07074  0.01743
   0.65408 -0.06703  0.02184
   0.67897 -0.06317  0.02661
   0.70396 -0.05917  0.03171
   0.72899 -0.05503  0.03724
   0.75402 -0.05078  0.04317
   0.77897 -0.04643  0.04966
   0.80378 -0.04198  0.05674
   0.82832 -0.03747  0.06453
   0.85246 -0.03293  0.07314
   0.87599 -0.02839  0.08247
   0.89868 -0.02391  0.09211
   0.92024 -0.01956  0.10114
   0.94041 -0.01539  0.10847
   0.95897 -0.01147  0.11395
   0.97579 -0.00785  0.11828
   0.99087 -0.00455  0.12172
   1.00000 -0.00252  0.16697
