NACA 2312                                       
 Alfa =  10.00000 Re =  1500000.000 Xflap,Yflap =     0.000000    0.000000
#    x        y        Cp  
   1.00000  0.00126  0.14797
   0.99381  0.00248  0.14108
   0.98303  0.00457  0.12751
   0.97044  0.00699  0.10994
   0.95635  0.00964  0.08842
   0.94121  0.01244  0.06347
   0.92545  0.01529  0.03620
   0.90935  0.01815  0.00728
   0.89307  0.02098 -0.02242
   0.87671  0.02376 -0.05251
   0.86029  0.02650 -0.08238
   0.84384  0.02917 -0.11219
   0.82738  0.03180 -0.14158
   0.81090  0.03436 -0.17051
   0.79440  0.03687 -0.19900
   0.77790  0.03932 -0.22707
   0.76139  0.04172 -0.25499
   0.74488  0.04406 -0.28246
   0.72836  0.04634 -0.30986
   0.71183  0.04856 -0.33690
   0.69531  0.05072 -0.36410
   0.67878  0.05282 -0.39115
   0.66225  0.05485 -0.41836
   0.64573  0.05683 -0.44587
   0.62921  0.05874 -0.47333
   0.61269  0.06059 -0.50123
   0.59618  0.06237 -0.52960
   0.57967  0.06408 -0.55823
   0.56318  0.06572 -0.58742
   0.54670  0.06728 -0.61726
   0.53022  0.06877 -0.64774
   0.51377  0.07019 -0.67895
   0.49732  0.07152 -0.71090
   0.48090  0.07277 -0.74392
   0.46450  0.07393 -0.77802
   0.44812  0.07501 -0.81313
   0.43176  0.07599 -0.84973
   0.41543  0.07688 -0.88768
   0.39914  0.07766 -0.92737
   0.38288  0.07834 -0.96907
   0.36667  0.07891 -1.01308
   0.35051  0.07937 -1.05965
   0.33442  0.07971 -1.11002
   0.31844  0.07993 -1.16446
   0.30263  0.08002 -1.22801
   0.28709  0.07994 -1.29747
   0.27174  0.07965 -1.35827
   0.25654  0.07915 -1.41747
   0.24144  0.07841 -1.47521
   0.22646  0.07745 -1.53312
   0.21159  0.07626 -1.59127
   0.19684  0.07482 -1.65020
   0.18224  0.07315 -1.71148
   0.16781  0.07122 -1.77418
   0.15359  0.06905 -1.84006
   0.13962  0.06662 -1.90924
   0.12596  0.06395 -1.98310
   0.11269  0.06104 -2.06205
   0.09992  0.05792 -2.14755
   0.08780  0.05463 -2.23982
   0.07647  0.05122 -2.33853
   0.06609  0.04777 -2.44311
   0.05674  0.04435 -2.55007
   0.04848  0.04102 -2.65724
   0.04127  0.03784 -2.77888
   0.03501  0.03483 -3.06022
   0.02961  0.03199 -3.32324
   0.02493  0.02930 -3.43249
   0.02087  0.02675 -3.54965
   0.01734  0.02433 -3.68036
   0.01427  0.02201 -3.82724
   0.01158  0.01978 -3.98644
   0.00923  0.01761 -4.14975
   0.00719  0.01550 -4.30654
   0.00543  0.01343 -4.44726
   0.00393  0.01139 -4.55598
   0.00268  0.00938 -4.61059
   0.00168  0.00739 -4.58677
   0.00091  0.00543 -4.46161
   0.00038  0.00349 -4.21321
   0.00008  0.00160 -3.83858
   0.00000 -0.00023 -3.36869
   0.00014 -0.00206 -2.81902
   0.00052 -0.00394 -2.18692
   0.00116 -0.00582 -1.51948
   0.00207 -0.00767 -0.88351
   0.00326 -0.00949 -0.33530
   0.00472 -0.01125  0.10168
   0.00645 -0.01296  0.42879
   0.00845 -0.01461  0.65928
   0.01074 -0.01622  0.81521
   0.01332 -0.01778  0.91342
   0.01623 -0.01931  0.97007
   0.01952 -0.02082  0.99571
   0.02324 -0.02231  0.99904
   0.02746 -0.02379  0.98609
   0.03228 -0.02528  0.96132
   0.03782 -0.02677  0.92771
   0.04422 -0.02826  0.88819
   0.05163 -0.02974  0.84435
   0.06020 -0.03121  0.79804
   0.07005 -0.03263  0.75113
   0.08121 -0.03396  0.70531
   0.09359 -0.03518  0.66178
   0.10703 -0.03625  0.62197
   0.12132 -0.03716  0.58586
   0.13627 -0.03791  0.55379
   0.15170 -0.03851  0.52531
   0.16751 -0.03898  0.50004
   0.18360 -0.03934  0.47743
   0.19991 -0.03960  0.45698
   0.21640 -0.03978  0.43833
   0.23304 -0.03990  0.42092
   0.24979 -0.03997  0.40459
   0.26662 -0.04000  0.38842
   0.28347 -0.04002  0.37252
   0.30025 -0.04002  0.35398
   0.31687 -0.03996  0.33587
   0.33341 -0.03982  0.32158
   0.34994 -0.03959  0.30902
   0.36650 -0.03928  0.29789
   0.38308 -0.03890  0.28807
   0.39971 -0.03845  0.27880
   0.41636 -0.03793  0.27046
   0.43306 -0.03736  0.26292
   0.44978 -0.03673  0.25575
   0.46653 -0.03606  0.24920
   0.48332 -0.03533  0.24303
   0.50012 -0.03457  0.23721
   0.51695 -0.03376  0.23197
   0.53381 -0.03292  0.22669
   0.55068 -0.03204  0.22194
   0.56757 -0.03113  0.21731
   0.58447 -0.03019  0.21306
   0.60140 -0.02923  0.20875
   0.61833 -0.02824  0.20461
   0.63528 -0.02722  0.20078
   0.65223 -0.02619  0.19717
   0.66920 -0.02513  0.19326
   0.68617 -0.02406  0.18982
   0.70315 -0.02297  0.18633
   0.72013 -0.02186  0.18295
   0.73712 -0.02073  0.17960
   0.75411 -0.01959  0.17651
   0.77110 -0.01844  0.17338
   0.78809 -0.01726  0.17021
   0.80508 -0.01608  0.16745
   0.82207 -0.01488  0.16443
   0.83905 -0.01366  0.16182
   0.85601 -0.01244  0.15921
   0.87296 -0.01119  0.15696
   0.88986 -0.00993  0.15455
   0.90667 -0.00867  0.15298
   0.92331 -0.00739  0.15157
   0.93961 -0.00613  0.15065
   0.95525 -0.00490  0.15047
   0.96977 -0.00373  0.15132
   0.98269 -0.00269  0.15230
   0.99371 -0.00178  0.15577
   1.00000 -0.00126  0.14797
