NACA 4412                                       
 Alfa =  10.00000 Re =  1500000.000 Xflap,Yflap =     0.000000    0.000000
#    x        y        Cp  
   1.00000  0.00126  0.08399
   0.99392  0.00292  0.08418
   0.98333  0.00577  0.08534
   0.97098  0.00904  0.08068
   0.95718  0.01262  0.07006
   0.94237  0.01638  0.05424
   0.92696  0.02021  0.03324
   0.91123  0.02403  0.00756
   0.89533  0.02780 -0.02210
   0.87933  0.03149 -0.05491
   0.86327  0.03511 -0.08995
   0.84718  0.03864 -0.12655
   0.83106  0.04208 -0.16392
   0.81492  0.04544 -0.20168
   0.79875  0.04870 -0.23927
   0.78258  0.05188 -0.27668
   0.76638  0.05496 -0.31380
   0.75017  0.05796 -0.35030
   0.73395  0.06086 -0.38638
   0.71772  0.06368 -0.42203
   0.70148  0.06640 -0.45734
   0.68523  0.06902 -0.49251
   0.66898  0.07155 -0.52729
   0.65272  0.07398 -0.56200
   0.63645  0.07632 -0.59672
   0.62019  0.07855 -0.63171
   0.60392  0.08069 -0.66654
   0.58766  0.08272 -0.70189
   0.57140  0.08465 -0.73727
   0.55514  0.08647 -0.77346
   0.53889  0.08818 -0.80993
   0.52265  0.08978 -0.84716
   0.50642  0.09127 -0.88540
   0.49021  0.09264 -0.92423
   0.47402  0.09390 -0.96453
   0.45785  0.09503 -1.00630
   0.44172  0.09603 -1.04993
   0.42564  0.09690 -1.09619
   0.40965  0.09765 -1.14579
   0.39382  0.09824 -1.20372
   0.37817  0.09865 -1.25623
   0.36263  0.09885 -1.30546
   0.34716  0.09884 -1.35279
   0.33174  0.09863 -1.39863
   0.31639  0.09821 -1.44378
   0.30109  0.09757 -1.48824
   0.28586  0.09672 -1.53221
   0.27069  0.09564 -1.57578
   0.25561  0.09433 -1.61921
   0.24061  0.09280 -1.66325
   0.22571  0.09103 -1.70638
   0.21092  0.08902 -1.75102
   0.19626  0.08678 -1.79598
   0.18175  0.08429 -1.84196
   0.16741  0.08155 -1.88956
   0.15327  0.07856 -1.93918
   0.13937  0.07533 -1.99154
   0.12576  0.07185 -2.04705
   0.11254  0.06815 -2.10664
   0.09978  0.06426 -2.17096
   0.08762  0.06020 -2.24028
   0.07622  0.05606 -2.31390
   0.06572  0.05190 -2.38927
   0.05625  0.04782 -2.46820
   0.04786  0.04389 -2.56628
   0.04055  0.04017 -2.85040
   0.03423  0.03668 -2.94884
   0.02879  0.03343 -3.05660
   0.02411  0.03040 -3.17077
   0.02008  0.02756 -3.29231
   0.01660  0.02489 -3.42199
   0.01357  0.02236 -3.55691
   0.01095  0.01995 -3.69591
   0.00867  0.01764 -3.83347
   0.00671  0.01541 -3.96460
   0.00502  0.01324 -4.07962
   0.00360  0.01113 -4.16959
   0.00242  0.00906 -4.21333
   0.00148  0.00703 -4.19286
   0.00077  0.00504 -4.08328
   0.00029  0.00309 -3.86464
   0.00004  0.00120 -3.53899
   0.00001 -0.00064 -3.11529
   0.00020 -0.00249 -2.59827
   0.00065 -0.00436 -1.98507
   0.00137 -0.00623 -1.33114
   0.00239 -0.00805 -0.70540
   0.00369 -0.00980 -0.17329
   0.00527 -0.01148  0.24033
   0.00712 -0.01307  0.53955
   0.00925 -0.01459  0.74267
   0.01167 -0.01603  0.87323
   0.01438 -0.01741  0.94992
   0.01744 -0.01873  0.98838
   0.02087 -0.02000  0.99998
   0.02476 -0.02123  0.99247
   0.02916 -0.02242  0.97166
   0.03419 -0.02357  0.94156
   0.03998 -0.02467  0.90460
   0.04667 -0.02572  0.86356
   0.05445 -0.02670  0.81998
   0.06345 -0.02758  0.77556
   0.07377 -0.02833  0.73172
   0.08543 -0.02891  0.69015
   0.09832 -0.02929  0.65181
   0.11223 -0.02947  0.61809
   0.12696 -0.02945  0.58999
   0.14228 -0.02924  0.56376
   0.15806 -0.02887  0.54076
   0.17418 -0.02837  0.52170
   0.19056 -0.02776  0.50524
   0.20714 -0.02707  0.49099
   0.22389 -0.02630  0.47867
   0.24078 -0.02549  0.46710
   0.25777 -0.02465  0.45687
   0.27484 -0.02379  0.44752
   0.29194 -0.02292  0.43860
   0.30901 -0.02207  0.43042
   0.32603 -0.02124  0.42258
   0.34301 -0.02043  0.41476
   0.35994 -0.01967  0.40686
   0.37686 -0.01894  0.39859
   0.39378 -0.01827  0.38896
   0.41076 -0.01762  0.37699
   0.42781 -0.01697  0.36809
   0.44491 -0.01629  0.36011
   0.46204 -0.01560  0.35323
   0.47921 -0.01490  0.34661
   0.49639 -0.01420  0.34035
   0.51357 -0.01350  0.33484
   0.53074 -0.01280  0.32929
   0.54790 -0.01211  0.32387
   0.56503 -0.01143  0.31865
   0.58215 -0.01076  0.31380
   0.59926 -0.01011  0.30860
   0.61635 -0.00947  0.30391
   0.63342 -0.00885  0.29869
   0.65049 -0.00825  0.29382
   0.66755 -0.00768  0.28874
   0.68459 -0.00712  0.28350
   0.70164 -0.00659  0.27848
   0.71867 -0.00608  0.27286
   0.73570 -0.00560  0.26749
   0.75273 -0.00514  0.26162
   0.76976 -0.00471  0.25595
   0.78678 -0.00431  0.24963
   0.80381 -0.00393  0.24354
   0.82084 -0.00357  0.23667
   0.83786 -0.00324  0.22984
   0.85489 -0.00294  0.22220
   0.87190 -0.00266  0.21442
   0.88889 -0.00241  0.20635
   0.90581 -0.00218  0.19710
   0.92258 -0.00197  0.18743
   0.93902 -0.00179  0.17687
   0.95483 -0.00163  0.16509
   0.96953 -0.00150  0.15296
   0.98258 -0.00139  0.13825
   0.99368 -0.00131  0.12540
   1.00000 -0.00126  0.08399
