NACA 4424                                       
 Alfa =  10.00000 Re =  1500000.000 Xflap,Yflap =     0.000000    0.000000
#    x        y        Cp  
   1.00000  0.00252  0.02050
   0.99144  0.00604  0.01751
   0.97747  0.01170  0.01269
   0.96212  0.01780  0.00733
   0.94545  0.02427  0.00142
   0.92759  0.03105 -0.00505
   0.90870  0.03802 -0.01206
   0.88900  0.04511 -0.01958
   0.86865  0.05222 -0.02754
   0.84784  0.05927 -0.03589
   0.82668  0.06623 -0.04452
   0.80527  0.07304 -0.05325
   0.78371  0.07968 -0.06148
   0.76203  0.08612 -0.06654
   0.74029  0.09235 -0.07380
   0.71853  0.09835 -0.11178
   0.69677  0.10412 -0.17003
   0.67504  0.10964 -0.24255
   0.65337  0.11491 -0.32280
   0.63178  0.11991 -0.40593
   0.61029  0.12465 -0.48900
   0.58893  0.12910 -0.57080
   0.56772  0.13327 -0.65114
   0.54669  0.13714 -0.73036
   0.52586  0.14071 -0.80869
   0.50528  0.14398 -0.88700
   0.48496  0.14693 -0.96501
   0.46496  0.14956 -1.04388
   0.44532  0.15186 -1.12386
   0.42610  0.15384 -1.20558
   0.40736  0.15549 -1.29174
   0.38916  0.15680 -1.38567
   0.37147  0.15772 -1.46862
   0.35422  0.15827 -1.54630
   0.33738  0.15845 -1.61958
   0.32091  0.15828 -1.68905
   0.30481  0.15776 -1.75533
   0.28909  0.15691 -1.81784
   0.27374  0.15573 -1.87675
   0.25879  0.15424 -1.93229
   0.24423  0.15245 -1.98388
   0.23009  0.15037 -2.03144
   0.21638  0.14802 -2.07521
   0.20312  0.14541 -2.11456
   0.19033  0.14257 -2.14981
   0.17801  0.13952 -2.18022
   0.16620  0.13627 -2.20530
   0.15489  0.13285 -2.22652
   0.14409  0.12929 -2.24064
   0.13381  0.12561 -2.24845
   0.12405  0.12182 -2.25123
   0.11481  0.11796 -2.26292
   0.10607  0.11404 -2.30635
   0.09783  0.11009 -2.31266
   0.09007  0.10611 -2.29960
   0.08277  0.10212 -2.28945
   0.07592  0.09814 -2.27698
   0.06949  0.09418 -2.26259
   0.06347  0.09023 -2.24476
   0.05783  0.08632 -2.22267
   0.05256  0.08243 -2.19956
   0.04763  0.07859 -2.17058
   0.04302  0.07478 -2.13847
   0.03872  0.07101 -2.10285
   0.03471  0.06728 -2.06217
   0.03098  0.06359 -2.01825
   0.02751  0.05994 -1.96636
   0.02429  0.05632 -1.91222
   0.02130  0.05274 -1.85048
   0.01855  0.04919 -1.78358
   0.01600  0.04568 -1.70856
   0.01367  0.04220 -1.62817
   0.01154  0.03876 -1.53931
   0.00961  0.03534 -1.44434
   0.00787  0.03195 -1.34056
   0.00632  0.02860 -1.22926
   0.00494  0.02527 -1.11088
   0.00375  0.02198 -0.98660
   0.00272  0.01872 -0.85569
   0.00187  0.01550 -0.71859
   0.00118  0.01231 -0.58103
   0.00066  0.00917 -0.43900
   0.00029  0.00607 -0.29737
   0.00007  0.00302 -0.15847
   0.00000  0.00003 -0.02331
   0.00007 -0.00295  0.10439
   0.00029 -0.00595  0.23315
   0.00067 -0.00896  0.35624
   0.00121 -0.01198  0.47353
   0.00194 -0.01500  0.58385
   0.00285 -0.01800  0.68578
   0.00394 -0.02099  0.77460
   0.00524 -0.02394  0.84859
   0.00673 -0.02686  0.90940
   0.00843 -0.02973  0.95370
   0.01032 -0.03255  0.98271
   0.01242 -0.03532  0.99754
   0.01472 -0.03802  0.99918
   0.01722 -0.04066  0.98928
   0.01993 -0.04323  0.97027
   0.02284 -0.04574  0.94255
   0.02595 -0.04817  0.90984
   0.02928 -0.05055  0.87214
   0.03283 -0.05285  0.83124
   0.03660 -0.05509  0.78871
   0.04061 -0.05727  0.74506
   0.04486 -0.05939  0.70068
   0.04938 -0.06145  0.65681
   0.05417 -0.06345  0.61376
   0.05927 -0.06539  0.57175
   0.06468 -0.06727  0.53118
   0.07045 -0.06909  0.49210
   0.07659 -0.07084  0.45383
   0.08315 -0.07253  0.41869
   0.09016 -0.07416  0.38405
   0.09767 -0.07571  0.35188
   0.10573 -0.07718  0.32017
   0.11439 -0.07857  0.29631
   0.12372 -0.07985  0.27212
   0.13379 -0.08103  0.24554
   0.14466 -0.08209  0.22299
   0.15640 -0.08300  0.20203
   0.16909 -0.08375  0.18466
   0.18280 -0.08433  0.16912
   0.19758 -0.08471  0.15496
   0.21349 -0.08487  0.14294
   0.23056 -0.08480  0.13287
   0.24878 -0.08448  0.12447
   0.26816 -0.08391  0.11750
   0.28864 -0.08308  0.11244
   0.31017 -0.08200  0.10790
   0.33264 -0.08070  0.10394
   0.35591 -0.07920  0.09980
   0.37978 -0.07754  0.09473
   0.40397 -0.07576  0.08382
   0.42824 -0.07381  0.07566
   0.45268 -0.07165  0.07217
   0.47737 -0.06929  0.07020
   0.50236 -0.06675  0.06957
   0.52766 -0.06404  0.06956
   0.55326 -0.06118  0.07016
   0.57916 -0.05818  0.07085
   0.60533 -0.05507  0.07161
   0.63173 -0.05186  0.07244
   0.65834 -0.04855  0.07295
   0.68510 -0.04518  0.07326
   0.71197 -0.04174  0.07322
   0.73888 -0.03826  0.07274
   0.76575 -0.03476  0.07194
   0.79249 -0.03123  0.07072
   0.81896 -0.02772  0.06906
   0.84497 -0.02423  0.06714
   0.87027 -0.02080  0.06486
   0.89456 -0.01748  0.06253
   0.91749 -0.01431  0.06004
   0.93874 -0.01133  0.05812
   0.95808 -0.00859  0.05653
   0.97541 -0.00611  0.05525
   0.99077 -0.00387  0.06392
   1.00000 -0.00252  0.02050
