NACA 2324                                       
 Alfa =  10.00000 Re =  1500000.000 Xflap,Yflap =     0.000000    0.000000
#    x        y        Cp  
   1.00000  0.00252  0.10170
   0.99116  0.00549  0.09896
   0.97666  0.01029  0.09460
   0.96064  0.01549  0.08976
   0.94313  0.02106  0.08443
   0.92427  0.02692  0.07865
   0.90425  0.03299  0.07251
   0.88330  0.03919  0.06624
   0.86163  0.04543  0.06048
   0.83944  0.05164  0.05759
   0.81689  0.05778  0.05205
   0.79408  0.06381  0.02440
   0.77111  0.06969 -0.01788
   0.74804  0.07542 -0.07155
   0.72492  0.08097 -0.13277
   0.70181  0.08634 -0.19803
   0.67873  0.09150 -0.26480
   0.65571  0.09645 -0.33178
   0.63278  0.10119 -0.39822
   0.60998  0.10569 -0.46432
   0.58732  0.10995 -0.53001
   0.56484  0.11397 -0.59586
   0.54256  0.11773 -0.66195
   0.52050  0.12122 -0.72857
   0.49869  0.12443 -0.79612
   0.47717  0.12736 -0.86461
   0.45596  0.13000 -0.93436
   0.43510  0.13234 -1.00562
   0.41461  0.13437 -1.07800
   0.39454  0.13609 -1.15253
   0.37494  0.13750 -1.22842
   0.35584  0.13859 -1.30663
   0.33730  0.13938 -1.38751
   0.31938  0.13985 -1.47138
   0.30214  0.14003 -1.56535
   0.28560  0.13990 -1.66304
   0.26971  0.13940 -1.74500
   0.25440  0.13857 -1.82088
   0.23964  0.13743 -1.89090
   0.22541  0.13599 -1.95674
   0.21170  0.13427 -2.01716
   0.19851  0.13229 -2.07396
   0.18585  0.13007 -2.12597
   0.17372  0.12763 -2.17262
   0.16213  0.12500 -2.21566
   0.15108  0.12219 -2.25179
   0.14056  0.11924 -2.28214
   0.13057  0.11615 -2.30628
   0.12111  0.11296 -2.32663
   0.11216  0.10967 -2.36292
   0.10371  0.10632 -2.43216
   0.09574  0.10291 -2.44223
   0.08824  0.09947 -2.44612
   0.08118  0.09599 -2.45007
   0.07455  0.09250 -2.45357
   0.06832  0.08900 -2.45187
   0.06247  0.08550 -2.44813
   0.05699  0.08200 -2.43969
   0.05185  0.07851 -2.42662
   0.04703  0.07503 -2.40986
   0.04252  0.07157 -2.38729
   0.03830  0.06812 -2.36181
   0.03436  0.06468 -2.32817
   0.03068  0.06126 -2.29008
   0.02725  0.05786 -2.24464
   0.02406  0.05447 -2.19258
   0.02110  0.05109 -2.13189
   0.01836  0.04773 -2.06679
   0.01583  0.04438 -1.98809
   0.01351  0.04105 -1.90378
   0.01139  0.03773 -1.80852
   0.00946  0.03443 -1.70487
   0.00773  0.03114 -1.58917
   0.00618  0.02787 -1.46810
   0.00481  0.02462 -1.33552
   0.00363  0.02138 -1.19471
   0.00262  0.01817 -1.04729
   0.00178  0.01499 -0.89459
   0.00111  0.01184 -0.73987
   0.00060  0.00872 -0.58062
   0.00025  0.00565 -0.42452
   0.00005  0.00261 -0.27230
   0.00000 -0.00037 -0.12435
   0.00009 -0.00336  0.01535
   0.00033 -0.00637  0.15333
   0.00073 -0.00940  0.28585
   0.00129 -0.01245  0.41353
   0.00204 -0.01550  0.53073
   0.00296 -0.01854  0.63834
   0.00407 -0.02158  0.73450
   0.00538 -0.02459  0.81516
   0.00688 -0.02758  0.88124
   0.00858 -0.03054  0.93258
   0.01047 -0.03346  0.96835
   0.01257 -0.03634  0.99046
   0.01487 -0.03918  0.99957
   0.01738 -0.04197  0.99719
   0.02009 -0.04471  0.98517
   0.02302 -0.04740  0.96473
   0.02615 -0.05004  0.93763
   0.02951 -0.05264  0.90545
   0.03309 -0.05519  0.86897
   0.03692 -0.05770  0.83007
   0.04099 -0.06016  0.78829
   0.04532 -0.06257  0.74633
   0.04993 -0.06495  0.70276
   0.05484 -0.06728  0.65970
   0.06007 -0.06958  0.61661
   0.06564 -0.07184  0.57416
   0.07158 -0.07405  0.53251
   0.07793 -0.07623  0.49214
   0.08472 -0.07836  0.45264
   0.09199 -0.08045  0.41429
   0.09979 -0.08249  0.37727
   0.10816 -0.08448  0.34222
   0.11717 -0.08640  0.31277
   0.12687 -0.08825  0.28101
   0.13732 -0.09003  0.24959
   0.14858 -0.09171  0.22041
   0.16072 -0.09328  0.19404
   0.17379 -0.09473  0.16963
   0.18784 -0.09603  0.14739
   0.20289 -0.09717  0.12609
   0.21895 -0.09814  0.10638
   0.23602 -0.09892  0.08812
   0.25402 -0.09949  0.07078
   0.27285 -0.09986  0.05358
   0.29234 -0.10002  0.03509
   0.31226 -0.09997  0.01111
   0.33253 -0.09962 -0.00345
   0.35317 -0.09895 -0.01454
   0.37421 -0.09800 -0.02233
   0.39565 -0.09675 -0.02785
   0.41749 -0.09523 -0.03159
   0.43973 -0.09344 -0.03364
   0.46234 -0.09139 -0.03456
   0.48531 -0.08909 -0.03423
   0.50862 -0.08655 -0.03307
   0.53224 -0.08379 -0.03112
   0.55615 -0.08082 -0.02870
   0.58032 -0.07764 -0.02556
   0.60472 -0.07428 -0.02227
   0.62932 -0.07074 -0.01845
   0.65408 -0.06703 -0.01448
   0.67897 -0.06317 -0.01023
   0.70396 -0.05917 -0.00581
   0.72899 -0.05503 -0.00107
   0.75402 -0.05078  0.00385
   0.77897 -0.04643  0.00917
   0.80378 -0.04198  0.01484
   0.82832 -0.03747  0.02096
   0.85246 -0.03293  0.02775
   0.87599 -0.02839  0.03528
   0.89868 -0.02391  0.04370
   0.92024 -0.01956  0.05328
   0.94041 -0.01539  0.06418
   0.95897 -0.01147  0.07701
   0.97579 -0.00785  0.09151
   0.99087 -0.00455  0.11534
   1.00000 -0.00252  0.10170
