NACA 2312                                       
 Alfa =  10.00000 Re =  1500000.000 Xflap,Yflap =     0.000000    0.000000
#    x        y        Cp  
   1.00000  0.00126  0.14820
   0.99381  0.00248  0.14140
   0.98303  0.00457  0.12796
   0.97044  0.00699  0.11051
   0.95635  0.00964  0.08908
   0.94121  0.01244  0.06419
   0.92545  0.01529  0.03694
   0.90935  0.01815  0.00802
   0.89307  0.02098 -0.02173
   0.87671  0.02376 -0.05188
   0.86029  0.02650 -0.08182
   0.84384  0.02917 -0.11170
   0.82738  0.03180 -0.14117
   0.81090  0.03436 -0.17018
   0.79440  0.03687 -0.19874
   0.77790  0.03932 -0.22689
   0.76139  0.04172 -0.25487
   0.74488  0.04406 -0.28241
   0.72836  0.04634 -0.30986
   0.71183  0.04856 -0.33696
   0.69531  0.05072 -0.36421
   0.67878  0.05282 -0.39131
   0.66225  0.05485 -0.41856
   0.64573  0.05683 -0.44612
   0.62921  0.05874 -0.47362
   0.61269  0.06059 -0.50156
   0.59618  0.06237 -0.52996
   0.57967  0.06408 -0.55863
   0.56318  0.06572 -0.58786
   0.54670  0.06728 -0.61773
   0.53022  0.06877 -0.64825
   0.51377  0.07019 -0.67949
   0.49732  0.07152 -0.71148
   0.48090  0.07277 -0.74453
   0.46450  0.07393 -0.77867
   0.44812  0.07501 -0.81382
   0.43176  0.07599 -0.85046
   0.41543  0.07688 -0.88846
   0.39914  0.07766 -0.92819
   0.38288  0.07834 -0.96992
   0.36667  0.07891 -1.01399
   0.35051  0.07937 -1.06061
   0.33442  0.07971 -1.11103
   0.31844  0.07993 -1.16553
   0.30263  0.08002 -1.22913
   0.28709  0.07994 -1.29867
   0.27174  0.07965 -1.35954
   0.25654  0.07915 -1.41880
   0.24144  0.07841 -1.47663
   0.22646  0.07745 -1.53463
   0.21159  0.07626 -1.59286
   0.19684  0.07482 -1.65191
   0.18224  0.07315 -1.71328
   0.16781  0.07122 -1.77610
   0.15359  0.06905 -1.84212
   0.13962  0.06662 -1.91145
   0.12596  0.06395 -1.98551
   0.11269  0.06104 -2.06463
   0.09992  0.05792 -2.15039
   0.08780  0.05463 -2.24290
   0.07647  0.05122 -2.34199
   0.06609  0.04777 -2.44698
   0.05674  0.04435 -2.55452
   0.04848  0.04102 -2.66218
   0.04127  0.03784 -2.78330
   0.03501  0.03483 -3.05612
   0.02961  0.03199 -3.33235
   0.02493  0.02930 -3.44158
   0.02087  0.02675 -3.55857
   0.01734  0.02433 -3.68908
   0.01427  0.02201 -3.83600
   0.01158  0.01978 -3.99555
   0.00923  0.01761 -4.15951
   0.00719  0.01550 -4.31727
   0.00543  0.01343 -4.45884
   0.00393  0.01139 -4.56866
   0.00268  0.00938 -4.62400
   0.00168  0.00739 -4.60116
   0.00091  0.00543 -4.47697
   0.00038  0.00349 -4.22868
   0.00008  0.00160 -3.85408
   0.00000 -0.00023 -3.38400
   0.00014 -0.00206 -2.83361
   0.00052 -0.00394 -2.20020
   0.00116 -0.00582 -1.53134
   0.00207 -0.00767 -0.89363
   0.00326 -0.00949 -0.34325
   0.00472 -0.01125  0.09544
   0.00645 -0.01296  0.42398
   0.00845 -0.01461  0.65580
   0.01074 -0.01622  0.81279
   0.01332 -0.01778  0.91185
   0.01623 -0.01931  0.96921
   0.01952 -0.02082  0.99539
   0.02324 -0.02231  0.99917
   0.02746 -0.02379  0.98658
   0.03228 -0.02528  0.96209
   0.03782 -0.02677  0.92874
   0.04422 -0.02826  0.88939
   0.05163 -0.02974  0.84568
   0.06020 -0.03121  0.79951
   0.07005 -0.03263  0.75265
   0.08121 -0.03396  0.70687
   0.09359 -0.03518  0.66327
   0.10703 -0.03625  0.62297
   0.12132 -0.03716  0.58904
   0.13627 -0.03791  0.55698
   0.15170 -0.03851  0.52719
   0.16751 -0.03898  0.50200
   0.18360 -0.03934  0.47947
   0.19991 -0.03960  0.45914
   0.21640 -0.03978  0.44089
   0.23304 -0.03990  0.42358
   0.24979 -0.03997  0.40703
   0.26662 -0.04000  0.39068
   0.28347 -0.04002  0.37466
   0.30025 -0.04002  0.35567
   0.31687 -0.03996  0.33743
   0.33341 -0.03982  0.32341
   0.34994 -0.03959  0.31087
   0.36650 -0.03928  0.29971
   0.38308 -0.03890  0.28990
   0.39971 -0.03845  0.28051
   0.41636 -0.03793  0.27214
   0.43306 -0.03736  0.26457
   0.44978 -0.03673  0.25732
   0.46653 -0.03606  0.25073
   0.48332 -0.03533  0.24450
   0.50012 -0.03457  0.23862
   0.51695 -0.03376  0.23336
   0.53381 -0.03292  0.22796
   0.55068 -0.03204  0.22320
   0.56757 -0.03113  0.21850
   0.58447 -0.03019  0.21422
   0.60140 -0.02923  0.20981
   0.61833 -0.02824  0.20561
   0.63528 -0.02722  0.20175
   0.65223 -0.02619  0.19812
   0.66920 -0.02513  0.19407
   0.68617 -0.02406  0.19062
   0.70315 -0.02297  0.18706
   0.72013 -0.02186  0.18363
   0.73712 -0.02073  0.18019
   0.75411 -0.01959  0.17710
   0.77110 -0.01844  0.17390
   0.78809 -0.01726  0.17064
   0.80508 -0.01608  0.16789
   0.82207 -0.01488  0.16476
   0.83905 -0.01366  0.16214
   0.85601 -0.01244  0.15946
   0.87296 -0.01119  0.15722
   0.88986 -0.00993  0.15469
   0.90667 -0.00867  0.15322
   0.92331 -0.00739  0.15181
   0.93961 -0.00613  0.15096
   0.95525 -0.00490  0.15096
   0.96977 -0.00373  0.15233
   0.98269 -0.00269  0.15386
   0.99371 -0.00178  0.16035
   1.00000 -0.00126  0.14820
